6.417
6.6824
7.2809
7.3245
7.3311
7.3326
7.3265
7.3436
7.3663
7.3735
7.3753
7.3623
6.6303
7.3677
7.369
7.358
7.3681
7.3625
7.377
7.3678
7.3774
7.3723
7.3624
6.6222
7.386
7.402
7.4191
7.4232
7.4369
7.44
7.447
7.4648
7.463
7.4674
6.6331
7.4644
7.4421
7.4481
7.4563
7.4612
7.4662
7.4768
7.4697
7.463
7.4645
6.7143
7.4628
7.473
7.4728
7.4777
7.4847
7.4782
7.4877
7.4901
7.4915
7.489
6.6686
7.4725
6.3928
6.0807
6.3726
6.6574
6.4576
6.6125
6.6153
6.4541
6.3171
6.2856
6.3785
6.2845
6.3229
6.3371
6.4469
6.5874
6.389
6.4195
6.2887
6.2518
6.2422
6.1773
6.2768
6.3898
6.3321
6.3007
6.586
6.4974
6.5025
6.4952
6.5235
6.5729
6.572
6.5632
6.5169
6.5861
6.6302
6.6686
6.5593
6.5959
6.6416
6.6908
6.643
6.5154
6.4738
6.5597
6.7037
6.6782
6.5987
6.5957
6.5789
6.5835
6.576
6.614
6.6325
6.619
6.5922
6.5547
6.5196
6.4189
6.5855
6.7809
6.7843
6.7095
6.7992
6.8468
6.7549
6.8435
6.9386
6.9833
6.4803
6.9104
6.8975
6.874
6.8268
6.7662
6.8369
6.8984
6.9148
7.0043
6.9998
6.5919
6.9723
7.0017
7.0328
7.0605
6.9301
6.94
6.9981
7.1262
7.1839
7.2335
7.1941
7.2194
7.1904
7.1915
7.1779
7.1733
7.1231
7.0999
7.104
7.1027
7.1124
7.1688
7.1237
7.0965
7.107
7.0975
7.1058
7.114
7.1355
7.1149
7.143
7.1391
7.1587
7.1296
7.1228
7.1407
7.1211
7.1301
7.1311
7.1403
7.118
7.1311
7.1101
7.2409
7.0966
7.0841
7.0626
7.0693
7.0899
7.0892
7.0978
7.1009
7.1044
7.1051
7.216
7.0954
7.1045
7.09
7.0962
7.1013
7.0929
7.0789
7.0758
7.0983
7.1302
7.1936
7.1547
7.1636
7.1688
7.1479
7.157
7.1936
7.1889
7.2046
7.2118
7.2184
7.2226
7.212
7.2317
7.2043
7.195
7.1882
7.1844
7.162
7.1445
7.1422
7.1534
7.2275
7.1659
7.1648
7.1665
7.1765
7.1824
7.1764
7.1657
7.1482
7.139
7.1523
7.2044
7.1452
7.1266
7.1239
7.2789
7.2815
7.2865
7.2885
7.2837
7.2786
7.2778
7.2795
7.2843
7.2773
7.1169
7.2803
7.273
7.2764
7.2753
7.2788
7.2801
7.2752
7.2864
7.3083
7.3044
7.121
7.3099
7.1235
7.1165
7.1164
7.1141
7.1321
7.127
7.1304
7.1263
7.1347
7.1299
7.1351
7.1361
7.1326
7.1336
7.1259
7.1364
7.1295
7.1352
7.1299
7.148
7.1365
7.1204
7.1362
7.1255
7.1325
7.1243
7.1282
7.1369
7.1427
7.1412
7.1457
7.1358
7.1524
7.1598
7.1691
7.1431
7.1557
7.153
7.1479
7.1424
7.1338
7.141
7.1416
7.1303
7.1347
7.1317
7.137
7.1294
7.1592
7.1514
7.1509
7.1237
7.1656
7.1395
7.1496
7.1502
7.1662
7.1753
7.1747
7.1897
7.1675
7.1668
7.1166
7.1665
7.1815
7.1769
7.1921
7.1933
7.2004
7.2179
7.2146
7.2366
7.2213
7.1184
7.2501
7.2378
7.2618
7.2828
7.2885
7.2842
7.3066
7.3051
7.3094
7.3031
7.126
7.3074
7.2953
7.2926
7.2959
7.2929
7.2886
7.2865
7.2773
7.2801
7.2819
7.1206
7.0209
7.4465
7.4608
7.45
7.4701
7.417
7.493
7.4691
7.4528
7.4554
7.388
7.0347
7.4868
7.4254
7.4291
7.4848
7.4523
7.4247
7.4901
7.4036
7.3909
7.4185
7.0306
7.4088
7.464
7.4223
7.468
7.3906
7.4267
7.4609
7.4504
7.4402
7.4436
7.0031
7.4283
7.4219
7.4281
7.3523
7.4158
7.4576
7.4591
7.4493
7.4551
7.4425
7.0083
7.4532
7.4384
7.446
7.4447
7.4522
7.4547
7.3942
7.4556
7.4274
7.4511
7.0349
7.4829
7.491
7.0271
7.0405
7.0762
7.0781
7.0895
7.081
7.0772
7.0473
7.0436
7.0236
7.0177
7.01
7.0235
7.1003
7.0834
7.0546
7.1149
7.1356
7.1337
7.1488
7.1606
7.1524
7.2266
7.2097
7.1602
7.1744
7.039
7.3266
7.2704
7.2449
7.2839
7.266
7.3228
7.3597
7.2895
7.2798
7.2569
7.0107
7.3537
7.3402
7.2783
7.403
7.426
7.3977
7.3531
7.2981
7.3213
7.3025
6.9873
7.3235
7.3239
7.3202
7.3288
7.3384
7.3337
7.3485
7.335
7.3452
7.3433
6.9837
7.3484
7.3289
7.3041
7.3003
7.3331
7.36
7.3477
7.3321
7.3132
7.3581
6.9899
7.3716
7.3735
7.3693
7.3445
7.3595
7.3818
7.3751
7.4164
7.3905
7.3945
7.0003
7.4123
7.4246
7.3795
7.4156
7.4252
7.4355
7.4507
7.4333
7.432
7.4366
7.1625
7.1457
7.2034
7.2092
7.211
7.2166
7.2135
7.2068
7.207
7.2008
7.1799
7.1786
7.1293
7.1641
7.1646
7.1615
7.1599
7.1532
7.1575
7.1601
7.1676
7.1535
7.1537
7.1497
7.1589
7.1524
7.1521
7.1605
7.1668
7.168
7.1745
7.1762
7.1795
7.183
7.1469
7.1831
7.1897
7.1847
7.189
7.1919
7.1934
7.1842
7.2037
7.2108
7.2166
7.138
7.2224
7.2191
7.2259
7.2224
7.2317
7.2397
7.2474
7.27
7.2826
7.2973
7.1187
7.3113
7.1317
7.1372
7.1264
7.119
7.1709
7.1273
7.1292
7.1326
7.1379
7.1331
7.1316
7.123
7.1147
7.1037
7.0853
7.1723
7.0568
7.0404
7.0559
7.039
7.0255
7.0352
6.9966
6.9765
6.9672
6.9886
7.1612
6.9755
6.9461
6.9451
6.9492
6.9452
6.9529
6.9579
6.9525
6.9662
6.9665
7.1668
6.9435
6.9464
6.9381
6.946
6.9388
6.9428
6.9431
6.9501
6.9468
6.9733
7.1617
6.9684
6.9605
6.9588
6.9678
6.9886
6.9998
7.0017
6.9991
7.0141
7.0378
7.1659
7.0424
7.0535
7.0428
7.0378
7.05
7.0589
7.069
7.0724
7.0603
7.0783
7.1579
7.0813
7.1039
7.1194
7.1149
7.1058
7.1032
7.1121
7.1371
7.1512
7.1612
7.1531
7.1575
7.1579
7.1747
7.1801
7.1797
7.1806
7.1877
7.1945
7.2131
7.2136
6.9399
6.9428
7.086
7.0979
7.1128
7.1126
7.1197
7.1213
7.1127
7.1109
7.1223
7.1123
6.9578
7.1228
7.1295
7.1338
7.1341
7.1389
7.1402
7.1437
7.1546
7.1612
7.1517
6.9621
7.1448
6.9558
6.9605
6.9639
6.9666
6.9706
6.9709
6.9611
6.9343
6.9518
6.9675
6.98
6.9916
6.9913
6.9986
6.9984
7.0047
7.0287
7.0152
6.9273
7.0193
7.0284
7.0454
7.0509
7.0545
7.0546
7.0562
7.051
7.0452
7.0356
6.9275
7.0572
7.065
7.0666
7.0582
7.057
7.0411
7.0351
7.0339
7.0353
7.0345
6.9223
7.0378
7.0447
7.045
7.0466
7.0343
7.0429
7.044
7.043
7.043
7.0416
6.9286
7.0446
7.0509
7.0475
7.0442
7.0527
7.046
7.0478
7.0518
7.0519
7.0532
6.9291
7.0536
7.055
7.0525
7.0534
7.0493
7.0516
7.0507
7.0509
7.0521
7.0587
6.931
7.055
7.0595
7.0617
7.0679
7.0748
7.0738
7.0734
7.073
7.0699
7.0693
6.9378
7.0737
7.0785
7.0769
7.0648
7.0482
7.0544
7.0618
7.0464
7.0618
7.0735
