6.5407e+05
7.5456e+05
2.4564e+06
2.4329e+06
2.5398e+06
2.3934e+06
2.2292e+06
2.2386e+06
2.2489e+06
2.2099e+06
2.2515e+06
2.2153e+06
7.9946e+05
2.2163e+06
2.2099e+06
2.1543e+06
2.1675e+06
2.1753e+06
2.2672e+06
2.2362e+06
2.2795e+06
2.225e+06
2.1859e+06
7.9959e+05
2.1779e+06
2.255e+06
2.3508e+06
2.3796e+06
2.4481e+06
2.4467e+06
2.48e+06
2.6033e+06
2.5708e+06
2.5902e+06
8.0326e+05
2.5627e+06
2.5297e+06
2.5079e+06
2.5814e+06
2.6158e+06
2.6333e+06
2.7384e+06
2.6878e+06
2.6682e+06
2.7068e+06
7.8985e+05
2.6787e+06
2.7926e+06
2.8526e+06
2.8166e+06
2.9015e+06
2.8198e+06
2.8565e+06
2.9248e+06
2.9142e+06
2.9399e+06
7.4554e+05
2.8853e+06
7.7198e+05
7.2203e+05
7.6888e+05
7.8699e+05
6.5145e+05
7.799e+05
8.0106e+05
7.7201e+05
7.4475e+05
7.4615e+05
7.8957e+05
7.7124e+05
8.9643e+05
8.9374e+05
9.1824e+05
6.5525e+05
8.777e+05
8.9507e+05
8.6605e+05
8.7487e+05
8.8772e+05
8.6264e+05
8.579e+05
9.1992e+05
8.7131e+05
8.5308e+05
6.5897e+05
9.4803e+05
9.389e+05
9.3307e+05
9.3259e+05
9.1466e+05
1.043e+06
7.9541e+05
1.0304e+06
9.2045e+05
9.5471e+05
6.6204e+05
1.049e+06
9.6484e+05
1.0311e+06
1.0713e+06
1.0518e+06
8.6107e+05
1.0495e+06
1.0612e+06
1.0835e+06
1.0959e+06
6.7231e+05
8.8659e+05
1.0636e+06
9.7559e+05
1.1722e+06
9.6662e+05
9.9913e+05
9.8183e+05
9.9462e+05
1.214e+06
1.0327e+06
6.4686e+05
9.9768e+05
1.0418e+06
1.0798e+06
1.1029e+06
1.1068e+06
1.1391e+06
1.1054e+06
1.2761e+06
1.1177e+06
1.1181e+06
6.5566e+05
1.2283e+06
3.006e+06
3.2462e+06
3.5029e+06
3.9278e+06
4.1239e+06
4.1606e+06
4.35e+06
4.1287e+06
4.3309e+06
8.1649e+05
4.2535e+06
4.102e+06
4.2756e+06
4.7696e+06
4.6206e+06
4.1602e+06
3.3829e+06
3.1849e+06
2.9241e+06
2.4584e+06
1.9772e+06
2.1198e+06
2.0265e+06
2.0976e+06
1.9614e+06
2.1291e+06
2.0846e+06
1.9916e+06
2.0255e+06
1.8367e+06
2.0578e+06
1.5984e+06
2.094e+06
2.0355e+06
1.7611e+06
2.0437e+06
1.8396e+06
1.9083e+06
1.9036e+06
2.0311e+06
1.9353e+06
2.052e+06
1.9347e+06
2.0053e+06
1.9499e+06
2.2335e+06
2.0346e+06
1.9453e+06
2.0002e+06
2.0678e+06
2.0772e+06
2.1938e+06
2.0803e+06
1.8946e+06
2.1005e+06
2.094e+06
2.2264e+06
2.2733e+06
2.3629e+06
2.3675e+06
2.6349e+06
2.479e+06
2.5566e+06
2.4961e+06
1.7958e+06
2.4404e+06
2.4774e+06
2.471e+06
2.924e+06
2.9054e+06
2.8114e+06
2.7165e+06
2.4293e+06
2.4086e+06
2.488e+06
1.5721e+06
2.5157e+06
2.4399e+06
2.4083e+06
2.2804e+06
2.3928e+06
2.5266e+06
2.5066e+06
2.5792e+06
2.5814e+06
2.643e+06
2.1443e+06
2.5415e+06
2.665e+06
2.5631e+06
2.6451e+06
2.6793e+06
2.7603e+06
2.6805e+06
2.7064e+06
1.5817e+06
1.5693e+06
1.8472e+06
1.5744e+06
1.4862e+06
1.4466e+06
1.4596e+06
1.5175e+06
1.7531e+06
1.7307e+06
1.546e+06
1.5658e+06
1.6972e+06
1.8857e+06
1.7505e+06
1.521e+06
1.433e+06
2.0562e+06
2.0409e+06
2.0742e+06
2.081e+06
2.0766e+06
2.0684e+06
2.0688e+06
2.2327e+06
2.0796e+06
2.0901e+06
1.7193e+06
2.0987e+06
2.0948e+06
2.0992e+06
2.1109e+06
2.1235e+06
2.1887e+06
2.1197e+06
2.1285e+06
2.1743e+06
2.1659e+06
1.6748e+06
2.1933e+06
1.7993e+06
1.4187e+06
1.674e+06
1.4658e+06
1.7368e+06
1.6243e+06
1.5055e+06
1.4958e+06
1.2343e+06
1.489e+06
1.5734e+06
1.5565e+06
1.4544e+06
1.6625e+06
1.6534e+06
1.4513e+06
1.5867e+06
1.3926e+06
1.4688e+06
1.5888e+06
1.4722e+06
1.5291e+06
1.3873e+06
1.5091e+06
1.4863e+06
1.4748e+06
1.4796e+06
1.7173e+06
1.4889e+06
1.773e+06
1.5522e+06
1.9297e+06
1.7603e+06
1.821e+06
1.8663e+06
1.9442e+06
1.9279e+06
1.8831e+06
1.825e+06
1.9542e+06
1.5429e+06
1.9787e+06
1.9896e+06
1.9424e+06
1.9596e+06
1.9729e+06
1.8953e+06
1.9663e+06
2.015e+06
2.0074e+06
1.9215e+06
1.5797e+06
1.8428e+06
2.0025e+06
1.9848e+06
1.9548e+06
1.9793e+06
2.0147e+06
1.9478e+06
2.0287e+06
1.9462e+06
1.8371e+06
1.383e+06
1.8325e+06
2.0477e+06
1.9492e+06
1.9998e+06
2.0264e+06
2.0092e+06
2.0214e+06
2.0185e+06
1.9151e+06
1.8735e+06
1.735e+06
1.912e+06
2.0086e+06
1.9397e+06
1.9549e+06
2.0005e+06
1.9884e+06
2.025e+06
2.0177e+06
2.1157e+06
2.0333e+06
1.6041e+06
2.0459e+06
2.0165e+06
2.0061e+06
2.0312e+06
2.0225e+06
2.0294e+06
2.013e+06
2.037e+06
2.0142e+06
2.0343e+06
2.4879e+06
2.5623e+06
3.9465e+06
4.0005e+06
4.0723e+06
4.0725e+06
3.9738e+06
3.1034e+06
3.1779e+06
3.1583e+06
2.821e+06
2.422e+06
2.4332e+06
2.5962e+06
2.6582e+06
2.6581e+06
2.6994e+06
2.7187e+06
2.492e+06
2.4891e+06
2.5336e+06
2.6807e+06
2.8595e+06
2.5494e+06
3.1029e+06
3.3117e+06
3.4937e+06
3.4775e+06
3.2284e+06
3.1445e+06
3.2328e+06
3.2644e+06
3.6759e+06
3.6856e+06
2.5442e+06
3.7115e+06
3.6874e+06
3.4755e+06
3.4096e+06
3.3654e+06
3.4675e+06
3.5245e+06
3.6547e+06
3.8062e+06
3.8616e+06
2.4014e+06
3.9025e+06
3.8674e+06
3.7921e+06
3.8252e+06
3.8987e+06
4.2981e+06
4.0985e+06
4.0477e+06
4.0241e+06
4.4165e+06
2.2059e+06
4.8186e+06
5.032e+06
2.2555e+06
2.0835e+06
2.0332e+06
1.9532e+06
2.5537e+06
2.086e+06
2.0216e+06
2.1707e+06
2.2408e+06
2.2877e+06
2.2152e+06
2.1911e+06
2.1811e+06
2.2368e+06
2.1839e+06
2.6157e+06
2.1519e+06
2.2782e+06
2.0728e+06
2.2334e+06
2.0964e+06
2.0521e+06
2.0988e+06
2.1638e+06
2.1461e+06
2.0351e+06
3.2896e+06
2.14e+06
2.1953e+06
2.1879e+06
2.1543e+06
2.1977e+06
2.0053e+06
2.2029e+06
2.1827e+06
1.9555e+06
1.7955e+06
2.8635e+06
1.8184e+06
1.979e+06
1.8152e+06
2.1395e+06
2.0838e+06
1.8388e+06
1.8623e+06
1.8334e+06
1.7962e+06
1.8097e+06
2.7531e+06
1.7868e+06
2.2543e+06
2.2443e+06
2.2438e+06
2.3274e+06
2.2612e+06
2.295e+06
2.3124e+06
2.3346e+06
2.3277e+06
2.8091e+06
2.3443e+06
2.343e+06
2.3418e+06
2.3883e+06
2.4561e+06
2.5588e+06
2.5486e+06
2.6002e+06
2.5604e+06
2.6526e+06
2.7861e+06
2.7856e+06
2.8572e+06
2.8379e+06
2.8586e+06
2.9948e+06
2.8235e+06
2.9749e+06
2.9956e+06
2.9939e+06
2.9675e+06
2.671e+06
3.1492e+06
3.2802e+06
3.3599e+06
3.3254e+06
3.5695e+06
3.7333e+06
3.9689e+06
4.0485e+06
4.1081e+06
4.0764e+06
1.4756e+06
1.3636e+06
1.8202e+06
1.8519e+06
1.8489e+06
1.8385e+06
1.8356e+06
1.8385e+06
1.8397e+06
1.968e+06
1.9083e+06
1.7865e+06
1.5656e+06
1.8851e+06
1.8103e+06
1.805e+06
1.8104e+06
1.8171e+06
1.8031e+06
1.8469e+06
1.8045e+06
1.7997e+06
1.8005e+06
1.4239e+06
1.8464e+06
1.7897e+06
1.8784e+06
1.8768e+06
1.8762e+06
1.8856e+06
1.9346e+06
1.9281e+06
1.9281e+06
1.9671e+06
1.2729e+06
1.9776e+06
1.9649e+06
1.9833e+06
2.0179e+06
2.0272e+06
2.0537e+06
2.0098e+06
2.0698e+06
2.1047e+06
2.0892e+06
1.5493e+06
2.1191e+06
2.1984e+06
2.1614e+06
2.2073e+06
2.2662e+06
2.2731e+06
2.3477e+06
2.3849e+06
2.4511e+06
2.5596e+06
1.5895e+06
2.5955e+06
1.536e+06
1.5475e+06
1.5079e+06
1.5049e+06
1.4721e+06
1.434e+06
1.4353e+06
1.5716e+06
1.4044e+06
1.5946e+06
1.3678e+06
1.4002e+06
1.5407e+06
1.5764e+06
1.4857e+06
1.4978e+06
1.575e+06
1.4022e+06
1.5274e+06
1.4552e+06
1.5901e+06
1.6348e+06
1.4546e+06
1.6242e+06
1.5839e+06
1.6196e+06
1.5077e+06
1.6832e+06
1.6669e+06
1.3873e+06
1.6319e+06
1.6392e+06
1.4213e+06
1.6162e+06
1.5935e+06
1.6484e+06
1.5095e+06
1.4911e+06
1.4217e+06
1.4955e+06
1.4285e+06
1.6882e+06
1.5521e+06
1.4749e+06
1.615e+06
1.5891e+06
1.3799e+06
1.7057e+06
1.5078e+06
1.5609e+06
1.7743e+06
1.5638e+06
1.7772e+06
1.703e+06
1.759e+06
1.6801e+06
1.8656e+06
1.7526e+06
1.8654e+06
1.5135e+06
1.8233e+06
1.9066e+06
1.9015e+06
1.9191e+06
1.7699e+06
1.8835e+06
1.8707e+06
1.7374e+06
1.68e+06
1.7389e+06
1.4218e+06
1.8498e+06
1.7184e+06
1.7545e+06
1.6913e+06
1.9389e+06
1.8355e+06
1.8804e+06
1.9952e+06
1.7801e+06
1.754e+06
1.309e+06
1.7735e+06
1.8066e+06
1.7947e+06
1.8217e+06
1.8277e+06
1.8041e+06
1.8067e+06
1.8339e+06
1.8581e+06
1.8528e+06
1.7606e+06
1.5215e+06
1.7009e+06
1.6204e+06
1.6905e+06
1.7187e+06
1.7117e+06
1.7245e+06
1.7545e+06
1.8317e+06
1.8523e+06
1.899e+06
1.4792e+06
1.9244e+06
1.8828e+06
1.8787e+06
1.9292e+06
1.8772e+06
1.9622e+06
1.9814e+06
2.1772e+06
2.2648e+06
2.2405e+06
1.6158e+06
2.2544e+06
1.6038e+06
1.6224e+06
1.5561e+06
1.5464e+06
1.6112e+06
1.6066e+06
1.4605e+06
1.779e+06
1.4992e+06
1.618e+06
1.6511e+06
1.4953e+06
1.5884e+06
1.5023e+06
1.6359e+06
1.5943e+06
1.6609e+06
1.664e+06
1.7944e+06
1.6319e+06
1.6279e+06
1.5923e+06
1.4732e+06
1.6181e+06
1.502e+06
1.5837e+06
1.6992e+06
1.6477e+06
1.4219e+06
1.7995e+06
1.435e+06
1.5271e+06
1.4707e+06
1.4419e+06
1.5705e+06
1.5432e+06
1.4279e+06
1.485e+06
1.5071e+06
1.5161e+06
1.7721e+06
1.6712e+06
1.5791e+06
1.5619e+06
1.5654e+06
1.5762e+06
1.4934e+06
1.4557e+06
1.4632e+06
1.4503e+06
1.4691e+06
1.4128e+06
1.4288e+06
1.4733e+06
1.5193e+06
1.5403e+06
1.4538e+06
1.5305e+06
1.4676e+06
1.4809e+06
1.5107e+06
1.4993e+06
1.5134e+06
1.5023e+06
1.5068e+06
1.6652e+06
1.5003e+06
1.5056e+06
1.5056e+06
1.4987e+06
1.5277e+06
1.5234e+06
1.5279e+06
1.4397e+06
1.5449e+06
1.5461e+06
1.5303e+06
1.5513e+06
1.5251e+06
1.6272e+06
1.5952e+06
1.5106e+06
1.6247e+06
1.5744e+06
1.4377e+06
1.5783e+06
1.5791e+06
1.6088e+06
1.6506e+06
1.5735e+06
1.6032e+06
1.6356e+06
1.5706e+06
1.6129e+06
1.6193e+06
